2.29877e-24
7.15229e-26
4.38855e-25
3.25139e-26
1.29762e-24
1.62532e-21
3.24258e-25
7.6759e-25
6.65445e-27
2.18921e-26
1.26443e-25
2.43551e-23
4.43274e-21
4.07454e-24
1.85081e-26
1.05554e-22
9.83653e-25
3.53886e-26
1.10442e-24
2.78343e-21
5.83516e-26
7.05132e-25
6.04569e-24
2.39635e-26
2.53371e-27
5.11604e-28
6.22719e-25
2.87561e-27
3.25162e-26
3.95419e-27
1.31408e-24
3.14164e-27
6.89698e-25
2.47721e-22
1.55901e-20
2.43014e-23
5.72385e-24
5.00812e-26
5.19903e-25
1.19562e-24
8.85605e-28
3.05911e-24
1.77372e-26
4.00561e-26
1.01095e-23
2.96777e-24
1.64165e-23
5.31881e-24
4.20763e-27
5.04167e-21
7.02966e-24
2.7672e-22
3.35647e-23
1.90702e-24
7.72139e-24
5.23241e-26
5.74591e-27
6.13285e-25
1.28941e-22
5.36244e-26
2.01219e-26
1.28916e-25
9.8213e-23
2.37758e-24
7.08475e-27
2.18355e-19
4.25918e-22
1.1402e-19
8.00839e-25
7.237e-26
2.57935e-24
9.68619e-27
1.99086e-26
8.01376e-20
9.62057e-23
5.90304e-22
1.26794e-24
1.84665e-22
2.85596e-20
1.36579e-23
8.79565e-22
2.27523e-26
9.43788e-21
2.70365e-23
8.02016e-22
2.07085e-24
1.81632e-25
1.32469e-19
2.20466e-19
3.59915e-22
1.95165e-26
3.17778e-27
1.7135e-23
2.87388e-25
6.37962e-25
1.5877e-26
1.38307e-17
1.33066e-21
6.73403e-22
4.05127e-18
5.90397e-27
1.87209e-26
1.50478e-24
8.99202e-24
3.55764e-19
1.05251e-23
2.18247e-22
8.29274e-24
2.46468e-20
6.72768e-27
1.8676e-19
9.45477e-19
1.34072e-20
2.23029e-19
2.08795e-23
1.45322e-17
9.19781e-25
1.50219e-26
4.66958e-25
2.1247e-26
2.22711e-27
8.63441e-22
1.90661e-25
1.28938e-27
2.73812e-25
4.50903e-26
9.86407e-27
3.05849e-26
1.56152e-24
8.3139e-26
4.50413e-25
6.41718e-23
1.12818e-23
2.87354e-20
3.42422e-23
1.42846e-22
1.53159e-22
3.91205e-22
3.71376e-25
5.15309e-25
2.49775e-24
4.61524e-26
5.65055e-27
1.23521e-24
5.37227e-20
4.06078e-23
1.19149e-20
9.8863e-24
4.90484e-27
1.20671e-26
1.72374e-24
2.57825e-24
1.2507e-25
2.59713e-25
4.02418e-28
8.76791e-25
3.76736e-25
7.75704e-24
2.3472e-25
3.17737e-21
1.70507e-24
1.05638e-26
1.79758e-21
3.39849e-25
5.55616e-26
3.50491e-27
1.29853e-26
2.33075e-26
1.22594e-27
5.43885e-25
1.4326e-26
4.34935e-23
8.78449e-28
1.24664e-24
3.54633e-27
2.99174e-28
7.17403e-25
2.33338e-26
1.38731e-24
3.66632e-23
1.53409e-22
4.37037e-24
5.61218e-24
3.84624e-18
4.20702e-25
9.32224e-22
5.8515e-25
3.13111e-21
2.05489e-20
4.14746e-26
3.05093e-21
2.72181e-26
3.86073e-23
1.02941e-26
1.36783e-23
5.32417e-26
9.52448e-26
3.5335e-27
9.07239e-23
1.80821e-25
2.04495e-21
3.33983e-25
6.1245e-26
1.49047e-26
1.11773e-25
1.40552e-25
1.50835e-26
1.7688e-21
3.96689e-26
9.0738e-26
5.09926e-24
1.29034e-24
4.8729e-25
1.99884e-23
1.74203e-24
1.26503e-25
1.7455e-25
1.64571e-27
1.16296e-23
5.85109e-27
6.78193e-26
1.8627e-23
4.3277e-23
7.2194e-27
9.23143e-24
1.80896e-25
6.82591e-22
1.96329e-22
2.12637e-26
8.72662e-28
3.2656e-21
1.54952e-24
1.65478e-20
1.05091e-25
2.88612e-22
5.96352e-24
1.7388e-26
6.58446e-22
1.84653e-24
4.21071e-24
1.49163e-25
4.41108e-19
5.8763e-26
1.02045e-26
2.5081e-25
1.03266e-25
1.37004e-21
4.47043e-21
1.08424e-21
1.76882e-23
1.4473e-22
5.02577e-20
7.92138e-24
3.53717e-22
7.8273e-23
9.30009e-27
4.60495e-26
1.07214e-22
1.97762e-24
8.39211e-26
2.09057e-25
2.40866e-22
8.01266e-26
2.11413e-26
1.60694e-26
5.63922e-26
2.46565e-22
3.11971e-25
1.92059e-22
8.24981e-25
5.69592e-26
2.3237e-20
8.54628e-26
3.56451e-23
1.60925e-20
9.95491e-24
1.50317e-22
2.93115e-25
1.06827e-25
5.72777e-22
8.66877e-21
1.14803e-24
1.28335e-22
9.99176e-25
7.27224e-23
2.58508e-20
7.36219e-26
5.70432e-25
5.20404e-27
4.19143e-25
9.50778e-24
5.31067e-24
1.45756e-22
3.9388e-26
3.28664e-23
4.34518e-28
4.68493e-27
2.1993e-25
1.86247e-23
8.08013e-23
3.59691e-25
9.61535e-23
2.67857e-21
1.66844e-25
5.50162e-21
1.28679e-21
1.69269e-26
1.1252e-19
1.55863e-23
7.38864e-28
1.0203e-26
3.89811e-27
8.27445e-27
6.36388e-25
4.97011e-22
2.58325e-22
2.05268e-21
7.51347e-21
9.81876e-22
6.17354e-24
7.00292e-24
2.77201e-25
1.12236e-23
2.06562e-27
1.18927e-22
4.84694e-24
4.25561e-27
4.56423e-25
5.60317e-26
1.65142e-22
9.11611e-27
7.82107e-24
1.63634e-24
5.07505e-23
3.52362e-23
5.59134e-23
4.36904e-18
2.77667e-25
1.76909e-21
2.54687e-24
4.59584e-20
1.04457e-20
3.1993e-26
1.38993e-23
2.41173e-24
5.39531e-25
2.93447e-24
3.05681e-23
9.93278e-22
6.34372e-22
2.92829e-19
2.67639e-24
1.53536e-19
7.21239e-24
9.65725e-24
1.01909e-23
5.52032e-24
4.48861e-18
4.92433e-25
2.53308e-24
3.69048e-23
1.03288e-23
7.50156e-23
1.34429e-18
4.78638e-19
1.12405e-19
3.35062e-21
4.55016e-26
4.1243e-18
1.64893e-24
6.38653e-23
3.95294e-25
1.11149e-22
3.99417e-23
3.39373e-26
7.64169e-22
8.19207e-20
1.88227e-19
1.63114e-24
1.71919e-27
4.72588e-26
1.18259e-23
3.04663e-27
2.24811e-25
6.87329e-22
4.00678e-24
1.86722e-22
2.33691e-20
1.13636e-20
3.92904e-22
1.2214e-21
9.32874e-22
3.57614e-24
4.72755e-23
1.14085e-24
3.21849e-20
3.80611e-19
3.60342e-25
2.83035e-21
2.19352e-21
1.06158e-21
6.55145e-22
9.82515e-18
5.41176e-26
1.21556e-25
1.63148e-24
3.0017e-22
9.69737e-23
1.02475e-23
4.64946e-21
8.14245e-23
4.43433e-19
9.02689e-19
5.05011e-23
9.27508e-18
1.28638e-23
3.13785e-24
3.80424e-26
5.74137e-21
2.36752e-24
1.17565e-24
2.32034e-22
4.92761e-21
5.55714e-23
1.89823e-22
2.68773e-24
1.75207e-25
1.11037e-24
5.07291e-24
4.2895e-27
1.85184e-21
1.55253e-20
1.95814e-21
7.51e-24
1.90916e-22
4.07152e-24
1.77421e-20
1.07819e-23
5.63661e-24
2.35131e-20
4.08246e-21
5.68687e-19
6.38062e-19
1.90485e-21
7.911e-24
1.52953e-19
1.49624e-22
7.52609e-26
2.77171e-18
3.73611e-17
2.24559e-25
7.34565e-18
3.66836e-20
5.49433e-23
2.52887e-22
7.20081e-19
3.22589e-19
1.17696e-22
2.24742e-23
3.66354e-18
3.58699e-20
3.2589e-23
6.96941e-18
1.68528e-20
1.452e-22
3.06334e-24
1.71266e-25
6.52422e-24
1.53569e-24
1.34791e-21
4.19574e-26
1.16142e-26
1.89652e-24
7.65175e-28
4.33239e-25
1.86408e-23
3.3307e-27
1.08054e-22
1.21864e-17
6.95971e-26
2.24572e-24
5.58422e-27
4.23156e-26
6.02396e-24
1.20425e-23
9.78831e-21
4.47432e-25
1.80031e-20
1.90173e-22
3.91097e-24
4.71972e-17
5.2445e-23
4.78705e-24
1.0359e-20
1.25318e-18
6.34987e-20
1.61438e-25
1.01894e-25
1.25669e-25
4.17395e-24
1.36868e-24
1.11498e-23
7.13584e-21
3.12291e-23
3.68498e-25
6.639e-24
1.27955e-27
7.92934e-22
3.44081e-21
4.53303e-25
1.92917e-24
6.65323e-26
3.62801e-22
2.82872e-25
4.38974e-21
4.69937e-25
7.20342e-22
2.1245e-23
1.35471e-24
1.53372e-22
4.6683e-25
1.83355e-25
8.41521e-18
5.79222e-22
5.21147e-26
1.35484e-17
4.5475e-24
1.62187e-28
1.93345e-26
3.88456e-27
4.06462e-21
4.82226e-25
3.61678e-20
3.15548e-22
2.02713e-23
1.02711e-24
3.70373e-19
1.40906e-26
2.17514e-24
6.85238e-27
3.70432e-19
1.24173e-21
2.68956e-18
2.06331e-26
3.22093e-21
1.51853e-22
1.53805e-21
1.33298e-18
8.88138e-18
8.97968e-23
3.06215e-19
5.94964e-24
2.13078e-26
1.03879e-24
3.74737e-23
2.52331e-19
6.82592e-24
2.61723e-21
9.2452e-24
3.62764e-26
2.27926e-22
6.16426e-23
1.65082e-23
4.3268e-25
2.47554e-20
1.39338e-23
1.42084e-18
2.24216e-22
9.68786e-27
1.22121e-21
2.36702e-25
1.83721e-23
6.87106e-24
3.20169e-25
1.45702e-23
3.10748e-22
4.41957e-22
4.69976e-23
5.92825e-25
4.24097e-25
1.86142e-20
1.8192e-24
5.83826e-23
3.3992e-21
2.16496e-21
4.61839e-23
6.43997e-25
1.95898e-24
1.02799e-21
2.25911e-22
1.41563e-18
9.79568e-25
2.72911e-18
4.81823e-21
2.85026e-25
6.30079e-24
4.07539e-21
4.1859e-19
5.05028e-20
1.03071e-21
7.58803e-25
9.46712e-19
3.9231e-21
2.61464e-19
8.85795e-23
3.00009e-23
2.47985e-22
3.64625e-22
6.71711e-17
5.68347e-20
1.85477e-18
1.84577e-19
2.64874e-22
1.61502e-20
1.06158e-20
2.603e-20
4.52188e-18
4.53219e-22
5.66771e-21
5.68855e-22
5.48859e-19
2.09699e-19
2.42963e-24
4.85908e-18
2.9197e-25
7.84595e-27
1.91783e-26
2.48712e-22
1.73296e-21
1.68751e-27
6.39324e-22
5.15456e-23
1.71359e-24
5.21902e-24
8.64336e-23
1.22557e-19
1.65189e-23
1.0353e-23
4.76271e-21
2.66801e-22
9.15309e-23
3.21264e-16
2.08666e-22
1.73496e-26
1.56604e-23
3.93112e-22
1.54086e-25
9.1083e-25
4.41622e-19
8.8911e-23
2.90504e-26
2.67546e-22
1.09604e-22
5.19848e-21
3.13338e-22
2.56941e-25
6.99211e-26
4.58223e-24
6.38446e-24
8.48412e-22
3.53744e-22
6.19195e-19
1.17397e-24
7.54068e-21
9.42222e-21
2.46928e-18
1.11054e-18
1.94795e-20
2.70215e-19
8.65914e-25
1.7927e-17
4.87472e-19
3.19995e-23
4.20429e-16
1.08227e-15
1.86024e-19
5.88669e-25
2.14203e-22
4.57046e-19
5.09604e-18
3.45157e-24
3.09976e-20
1.20053e-25
1.2548e-21
2.47364e-21
8.02285e-19
5.67602e-23
2.99662e-22
3.5152e-23
2.05892e-23
4.73944e-18
3.10577e-18
4.28868e-15
7.76915e-22
1.02984e-18
3.09997e-22
5.72939e-18
2.93197e-21
8.27674e-20
1.34689e-21
1.95236e-22
3.64206e-22
8.98348e-18
8.63997e-20
2.89468e-22
4.37067e-21
2.51653e-17
3.29912e-19
8.46271e-19
4.89949e-25
6.13949e-18
2.68661e-23
1.10457e-20
5.52948e-16
2.1451e-16
1.85806e-21
1.83661e-17
5.30356e-17
2.06971e-18
1.77471e-20
2.43313e-16
2.40124e-25
4.54809e-18
4.62787e-25
1.52475e-24
1.23462e-23
8.23443e-25
1.10296e-22
6.20699e-24
8.03948e-19
6.32695e-21
9.21528e-22
1.67557e-20
2.95279e-23
3.24622e-21
9.81398e-26
1.58977e-18
4.11795e-25
4.00887e-20
9.41845e-18
3.78708e-21
2.43872e-21
4.10048e-16
3.02613e-24
1.33534e-23
1.68399e-22
4.48444e-21
1.83952e-25
5.45178e-23
4.37162e-23
2.14541e-25
2.17565e-18
3.52255e-23
6.35075e-23
3.92473e-25
1.84755e-24
1.23248e-18
5.54924e-20
1.60494e-17
6.25848e-27
1.34648e-21
3.32772e-22
2.25866e-21
2.16706e-24
2.29138e-19
1.43881e-24
7.05869e-21
6.80208e-26
7.42017e-23
8.07713e-23
7.45417e-19
1.98752e-15
8.25296e-24
1.89985e-22
4.90865e-26
1.55503e-22
2.00234e-24
2.75551e-24
1.0463e-17
3.81248e-20
1.09526e-21
1.86173e-25
5.56057e-22
2.48049e-20
1.5358e-22
4.69332e-24
3.31799e-25
2.90561e-23
4.01589e-23
5.60084e-22
1.88141e-19
6.10228e-20
2.48535e-23
1.32728e-20
7.22319e-25
5.33662e-24
3.58812e-22
8.28594e-19
1.91842e-25
9.54124e-18
6.73787e-16
3.21343e-19
4.8951e-22
1.84764e-22
1.17129e-22
1.08042e-23
1.7443e-24
1.73094e-21
5.67682e-18
3.07864e-19
4.91669e-19
9.01005e-20
3.96796e-22
1.83324e-21
7.29787e-20
2.11164e-19
3.86917e-20
7.10302e-19
6.16983e-17
2.0367e-21
8.29423e-21
1.49655e-24
9.87558e-21
1.23865e-20
9.55432e-18
9.93838e-17
1.45577e-22
3.28383e-14
2.97905e-20
2.7871e-20
7.7639e-18
9.06147e-16
1.67468e-18
4.56711e-25
8.59611e-18
1.52096e-18
2.34469e-17
7.38857e-18
2.47408e-23
1.73644e-23
1.12646e-17
4.67875e-24
5.18332e-25
4.26778e-24
1.75044e-21
5.45744e-25
7.75917e-21
2.74402e-23
4.06262e-24
5.25627e-24
4.51957e-24
2.94322e-20
1.94891e-21
2.77105e-21
1.33621e-19
2.82208e-19
2.93724e-16
1.43662e-23
1.09556e-20
2.37691e-21
8.43958e-22
9.02719e-19
8.5889e-24
1.24541e-21
7.33213e-22
7.90218e-22
1.51839e-15
2.46451e-27
2.37971e-22
7.67254e-21
7.1517e-26
8.72125e-25
1.10139e-17
1.5975e-22
1.70941e-22
3.41378e-22
1.66185e-21
9.99145e-20
1.47987e-20
1.84521e-23
2.82959e-21
7.06789e-22
3.04401e-19
1.07008e-24
1.01653e-23
9.64808e-16
3.72466e-20
2.84043e-19
1.49616e-22
4.59595e-24
7.21697e-26
9.72854e-26
1.05087e-20
3.58117e-23
3.45219e-24
5.49804e-20
3.05471e-19
5.07803e-25
3.703e-25
3.3132e-25
4.22968e-17
1.81352e-20
5.1053e-18
1.25772e-20
1.90746e-14
1.25121e-15
1.39831e-21
4.00901e-23
2.19414e-16
7.184e-24
1.2073e-22
3.28413e-19
3.89479e-18
6.72658e-19
2.79478e-17
2.84258e-26
1.38687e-24
1.79304e-17
3.27054e-19
6.60224e-17
8.98795e-18
9.24235e-21
8.58543e-20
1.20964e-16
1.27342e-19
2.31485e-17
4.03158e-24
4.0618e-16
2.61458e-23
2.27761e-17
1.80935e-16
1.31356e-17
2.12822e-24
3.06648e-20
9.7394e-23
2.77479e-22
3.62971e-22
1.42864e-23
3.43953e-22
1.44722e-25
5.99592e-22
2.23586e-18
1.73551e-20
4.18969e-24
9.72733e-17
7.46085e-19
1.426e-19
3.16631e-20
1.1856e-18
1.6984e-21
9.77796e-24
4.27468e-20
1.25079e-18
2.32771e-18
1.11405e-14
2.19217e-21
6.71582e-20
7.68304e-23
4.55051e-18
1.76922e-20
4.14553e-23
8.64013e-21
7.32723e-21
3.94296e-20
4.73445e-20
1.39165e-18
2.68363e-17
4.07037e-25
2.24747e-20
5.18403e-20
1.8923e-18
4.19014e-20
8.49917e-21
4.56106e-20
9.8914e-21
9.86632e-23
5.98287e-22
9.90137e-19
1.73211e-19
2.60952e-21
3.67129e-20
1.37513e-16
3.59461e-20
3.80925e-19
2.09167e-20
2.92123e-19
3.95255e-20
3.8438e-23
2.63755e-20
8.94762e-24
1.93527e-16
1.5748e-18
2.18012e-17
1.60575e-17
1.52815e-20
4.95399e-20
3.74443e-19
1.13464e-15
9.16969e-15
4.50102e-16
