2.18471e-22
5.58422e-22
3.55147e-23
7.74871e-19
2.51819e-18
1.25411e-19
2.09532e-22
2.42149e-19
4.92717e-22
2.37712e-23
3.40455e-19
5.89421e-22
1.68886e-20
2.19047e-14
5.03642e-21
7.63178e-22
6.42159e-21
2.2054e-20
3.8285e-22
4.87923e-19
1.34015e-20
1.24014e-19
2.63307e-21
8.19693e-22
5.39967e-22
8.90487e-21
8.67334e-24
1.69938e-20
2.06585e-19
1.865e-21
2.39258e-20
2.87622e-22
1.64414e-23
3.29835e-22
2.71494e-21
1.78575e-23
8.37911e-21
3.96139e-24
2.27877e-22
7.24629e-20
1.83221e-21
4.92552e-21
1.30494e-20
2.93703e-22
1.39843e-22
1.26255e-19
2.06267e-21
1.68871e-24
2.13325e-19
2.95303e-24
1.63096e-22
8.14693e-25
2.55215e-21
7.70404e-21
2.93649e-18
2.7068e-21
4.16818e-22
2.94438e-18
1.87299e-16
3.4829e-22
1.05932e-21
1.37526e-20
3.52293e-24
5.50349e-23
8.48248e-19
6.38266e-18
1.67983e-18
1.34541e-23
2.24465e-23
1.27845e-24
3.07363e-21
4.35015e-22
3.79913e-21
1.09847e-22
7.09092e-22
2.13005e-22
1.37087e-15
5.18427e-23
8.8205e-19
1.06458e-20
9.4998e-22
4.7751e-22
1.18797e-22
5.84145e-22
5.59317e-17
3.25835e-24
2.82337e-21
2.48768e-12
4.74785e-21
4.71823e-21
9.91014e-19
5.42e-13
2.25626e-16
1.88474e-24
1.26822e-23
2.64146e-24
6.81607e-19
7.89244e-19
4.66461e-19
5.1853e-18
2.53574e-18
1.80219e-22
1.06382e-17
3.01412e-21
8.13049e-24
7.20144e-18
5.29391e-25
6.79662e-22
3.55993e-15
3.41964e-20
2.47478e-17
4.97188e-18
6.58585e-17
2.26699e-19
2.55892e-23
1.0093e-22
1.12677e-21
8.35473e-25
2.92909e-23
8.47349e-20
4.17905e-20
4.5471e-19
1.54342e-23
4.97119e-21
1.50061e-20
4.44287e-22
1.53165e-18
3.58432e-19
3.21883e-15
3.65205e-23
1.09167e-20
8.25397e-22
1.05537e-22
2.2462e-23
1.15283e-23
2.93972e-21
1.40572e-20
7.5568e-21
6.70288e-22
2.07608e-21
2.32215e-24
4.27272e-18
2.03775e-19
2.23928e-21
1.69522e-20
4.15291e-24
5.25051e-24
1.30093e-22
1.45239e-25
4.10459e-22
1.2371e-23
9.89739e-22
2.34488e-16
1.47527e-24
1.1357e-22
1.24189e-20
2.30428e-22
1.19027e-23
5.32508e-24
2.23668e-23
7.57033e-23
1.0942e-16
2.15091e-14
8.74557e-23
9.15945e-21
9.09045e-23
3.60896e-22
7.73065e-24
1.20329e-22
1.22766e-21
1.54318e-21
2.12303e-20
8.50019e-22
2.04873e-24
4.77942e-22
3.77237e-20
1.07339e-24
1.44878e-22
7.16619e-21
6.24591e-16
8.77555e-22
5.38113e-22
3.13386e-21
2.08606e-20
7.39848e-20
2.41903e-21
9.81732e-22
8.12125e-21
8.90238e-17
9.97539e-20
5.70148e-24
1.07288e-23
1.74665e-23
2.7338e-21
8.95173e-18
5.06382e-25
3.46833e-24
1.63367e-22
5.81975e-21
8.64989e-24
2.29041e-21
6.26091e-18
3.24333e-22
3.70943e-21
3.60122e-21
8.4504e-24
3.60315e-23
4.72289e-16
7.49218e-18
3.80772e-21
1.32185e-23
7.36289e-20
1.11084e-20
1.54764e-21
5.46782e-21
2.17487e-20
1.68072e-13
2.03529e-18
1.03366e-19
9.92599e-18
3.0656e-22
5.04373e-23
8.397e-22
1.27772e-20
1.62475e-22
9.31956e-23
5.61877e-22
5.68329e-19
4.50994e-19
2.26621e-21
1.62096e-20
1.20255e-22
1.39325e-22
2.08347e-22
4.30147e-22
2.45196e-18
5.76335e-21
9.12247e-21
9.16271e-23
8.60944e-22
3.55553e-16
3.5958e-21
1.57504e-20
1.22122e-18
1.09087e-23
2.06891e-19
1.25419e-24
3.26411e-20
1.68073e-19
1.98412e-18
5.43864e-15
1.98609e-20
1.27162e-17
1.43848e-19
5.16251e-20
6.00072e-22
1.87924e-19
1.99841e-21
1.39494e-25
7.6815e-21
6.42855e-22
3.57883e-23
8.45455e-24
5.26453e-20
5.5553e-20
9.99509e-17
8.72554e-23
1.95959e-21
1.27496e-20
1.64829e-19
1.04065e-18
2.44517e-21
2.23188e-18
2.2679e-15
4.72449e-22
6.18111e-23
1.97333e-21
2.43513e-20
2.90561e-18
3.80683e-19
9.67483e-24
6.72836e-21
7.12119e-18
2.00426e-22
3.21198e-21
1.05945e-26
3.06619e-20
9.89193e-17
1.98245e-23
1.29715e-18
3.33516e-24
3.58634e-21
4.82397e-18
6.55047e-20
6.56324e-19
2.78105e-18
1.30212e-24
3.31725e-24
1.56875e-20
1.3603e-21
1.51336e-20
2.79107e-21
8.57213e-22
1.39446e-22
3.74477e-20
5.61056e-23
5.92827e-24
2.39628e-23
4.58523e-24
8.96881e-18
2.50798e-23
1.87501e-20
2.49634e-17
4.50382e-22
1.56434e-20
2.35834e-13
5.66506e-22
1.17909e-19
2.19855e-22
3.9293e-20
1.62383e-19
2.74759e-17
2.35199e-23
2.0244e-16
3.6826e-16
2.39062e-21
1.2359e-18
3.83789e-22
1.97723e-19
7.50181e-22
1.504e-22
9.16031e-20
3.39746e-18
1.0161e-22
4.96341e-18
8.77678e-21
3.3698e-19
1.86712e-18
2.7909e-22
1.44799e-23
2.07837e-17
1.13492e-22
6.90183e-23
2.32117e-21
1.07175e-20
1.28125e-14
3.7776e-21
1.84344e-16
9.32954e-14
9.7516e-19
2.73218e-21
9.19476e-21
1.61581e-22
8.29838e-17
3.67351e-16
8.44284e-19
2.14526e-21
9.86976e-18
3.49416e-16
3.6862e-22
2.54313e-24
1.6056e-21
7.28348e-22
7.72125e-21
5.66771e-19
4.68777e-20
8.71828e-12
6.11323e-20
8.44414e-19
4.86924e-14
1.54484e-17
6.79859e-17
8.68669e-24
1.36717e-20
2.19635e-23
2.91805e-24
1.772e-21
3.07065e-20
7.18648e-21
1.41752e-21
7.24434e-21
3.37017e-19
1.22695e-16
2.2563e-23
4.94377e-23
1.11859e-20
5.57791e-17
1.42088e-16
2.75862e-25
2.23844e-20
1.02858e-20
9.98104e-23
8.6558e-20
2.93984e-14
1.0553e-16
5.01447e-25
3.25118e-13
3.61688e-20
8.43962e-20
4.77307e-15
1.1462e-20
2.28847e-17
1.52071e-20
1.84683e-23
1.81489e-18
1.7016e-23
4.21442e-22
1.84155e-21
5.02011e-15
6.29539e-18
1.57319e-16
6.11919e-21
5.75676e-17
5.64321e-17
1.52726e-20
3.65221e-21
1.79292e-24
1.11179e-23
2.15984e-22
1.9219e-17
2.73388e-24
6.46873e-23
6.97868e-23
6.35639e-19
9.63679e-22
1.05176e-19
1.85665e-23
1.30947e-20
2.31362e-21
5.01603e-15
2.68509e-15
7.71049e-20
2.83181e-15
9.51401e-24
8.04061e-15
2.61218e-18
3.89927e-20
3.42719e-20
1.37861e-21
2.86565e-18
1.4773e-16
3.15572e-15
2.13473e-18
9.75037e-21
6.69883e-17
1.37658e-19
6.80725e-12
1.59775e-14
2.09545e-19
3.00864e-17
2.78227e-14
1.00297e-18
8.72918e-14
4.53528e-17
2.34478e-11
2.60105e-21
3.83339e-23
2.90335e-24
4.76346e-17
9.32759e-15
2.90715e-21
2.13491e-18
1.00522e-20
3.11194e-14
5.22592e-15
1.18258e-18
1.02752e-17
2.4705e-22
8.13365e-19
8.90965e-14
1.68598e-20
1.39792e-15
1.90934e-09
1.11966e-24
4.57636e-22
2.41505e-22
2.1285e-16
4.01799e-18
2.02604e-22
4.63872e-08
5.74509e-22
1.24887e-17
2.38649e-20
4.53674e-13
2.66682e-22
2.98145e-21
1.07803e-14
3.12687e-15
8.71677e-13
3.0728e-11
4.46673e-12
3.16738e-19
8.54444e-23
1.04231e-22
6.02801e-20
1.87631e-21
9.20897e-28
1.04626e-19
3.95006e-20
2.53446e-24
2.20411e-24
8.37717e-22
1.83463e-23
1.53319e-23
1.5385e-23
3.64882e-21
1.05806e-23
5.31866e-22
2.74336e-23
7.61156e-24
2.31776e-24
6.53283e-21
2.04766e-21
1.41126e-20
6.55854e-20
2.50765e-21
2.94569e-21
6.75675e-21
2.80569e-23
4.40781e-19
3.83631e-20
2.2245e-23
3.66747e-17
1.25179e-19
2.24572e-23
1.30806e-21
2.29189e-20
1.00439e-22
1.39801e-19
1.16334e-23
1.29852e-20
8.97363e-23
4.10418e-23
1.38707e-15
2.57741e-24
2.68335e-23
5.44e-19
6.70372e-23
2.77762e-24
8.59859e-22
9.04569e-24
2.50053e-21
1.66894e-20
5.6952e-23
3.28067e-21
5.34444e-21
2.18191e-21
6.98812e-20
5.03869e-21
7.64855e-24
1.47122e-21
1.11058e-19
1.24287e-24
1.85992e-22
1.0117e-20
4.58745e-21
3.87439e-21
2.89624e-20
3.43231e-21
2.68837e-22
7.74054e-18
6.79713e-21
2.31321e-15
3.01903e-19
1.85233e-22
1.6866e-19
2.64689e-22
2.25358e-21
2.79259e-22
7.62158e-22
1.42759e-18
5.16975e-23
2.47886e-21
1.83238e-23
1.62727e-23
3.26186e-19
1.22221e-23
1.30183e-23
1.90838e-21
1.31685e-22
6.11551e-24
1.3707e-23
8.45732e-23
2.17501e-22
3.40872e-22
6.23957e-20
9.47198e-24
3.19267e-22
1.47189e-13
6.44563e-24
2.9704e-20
1.26159e-23
4.48518e-22
2.32087e-23
2.10634e-22
7.62364e-23
1.20171e-24
1.2349e-17
2.02932e-24
2.01281e-20
1.13743e-21
2.27479e-21
2.01588e-17
5.75619e-20
2.15057e-19
2.33885e-18
4.44786e-18
7.65569e-20
7.1739e-20
2.24303e-22
3.16088e-24
1.44814e-24
1.22792e-18
2.17601e-21
8.45753e-22
3.83637e-21
4.0369e-18
1.28228e-18
3.74313e-17
2.85451e-16
7.71282e-20
1.25012e-17
3.08281e-18
1.04807e-17
9.74664e-15
2.48249e-21
5.93777e-20
2.06503e-23
1.07889e-14
2.55834e-21
5.06516e-21
1.45201e-15
2.7039e-19
1.37702e-22
8.43902e-23
3.24592e-23
8.80021e-22
2.1763e-22
5.52448e-24
5.67998e-24
2.63357e-22
9.50561e-22
5.31537e-19
3.49737e-23
4.5834e-22
4.0362e-19
2.24576e-23
2.01926e-19
7.96573e-20
1.47398e-22
7.92031e-23
1.04995e-22
1.40002e-20
3.87898e-22
3.43408e-19
5.79352e-21
6.11234e-24
4.96933e-23
1.64339e-20
8.17097e-21
4.81214e-25
3.52276e-22
5.03573e-21
8.24164e-21
4.39833e-18
3.99104e-23
2.50948e-16
1.27234e-14
3.31089e-21
9.12531e-22
2.34842e-22
6.35143e-22
5.264e-19
3.19813e-19
6.67563e-17
4.72983e-21
2.25853e-17
5.74769e-19
3.17254e-22
7.92699e-22
6.26893e-21
2.09239e-20
3.22561e-22
4.4999e-22
5.39966e-19
4.25351e-22
1.16978e-21
3.48275e-17
2.54736e-22
4.78376e-20
1.44201e-17
1.78892e-17
2.82464e-17
9.42837e-20
2.86673e-18
1.62697e-18
1.45591e-18
1.55134e-21
1.13553e-23
8.05395e-21
2.31436e-19
2.53888e-17
8.87507e-18
7.14759e-21
1.88169e-20
1.92454e-22
1.43615e-22
5.81107e-16
7.17873e-13
6.75038e-17
1.40244e-20
2.67043e-13
1.22808e-20
1.67176e-20
1.07152e-22
1.92301e-22
1.1245e-15
6.98183e-20
2.08352e-17
1.54372e-21
2.70965e-21
3.38114e-23
5.18254e-18
3.05714e-18
2.09116e-20
1.45677e-23
4.90599e-21
2.45527e-19
8.14161e-21
1.88437e-15
1.31885e-18
1.2499e-13
5.14436e-23
5.35209e-14
1.80838e-22
6.36381e-16
8.90582e-23
6.59512e-18
6.1673e-18
8.69467e-24
7.61598e-17
4.59006e-20
9.86099e-19
7.84916e-15
1.09549e-12
1.61566e-22
6.43865e-16
5.32621e-22
1.92659e-19
1.05884e-22
2.69638e-22
4.42517e-13
1.04556e-14
9.62218e-20
9.55106e-15
7.53471e-23
1.9562e-16
1.81735e-19
4.84867e-19
4.67207e-10
4.21075e-22
1.68787e-21
7.21213e-17
1.37055e-21
1.06256e-21
5.61007e-21
1.73057e-18
2.69309e-19
3.57012e-20
6.66359e-20
7.3247e-26
2.65155e-18
2.73881e-22
3.27095e-15
6.37863e-16
1.03584e-17
7.85406e-24
1.45531e-21
2.04559e-20
2.85234e-14
5.67064e-14
8.2147e-19
1.42819e-17
2.33425e-16
4.68038e-21
5.38254e-19
9.73034e-22
1.29558e-21
2.27918e-14
1.51747e-18
6.89669e-18
9.80791e-18
3.23349e-18
6.93391e-16
5.34372e-20
3.25015e-20
6.75248e-23
3.22154e-18
1.89184e-22
1.55714e-23
5.09969e-19
1.66376e-20
4.10682e-18
2.37577e-24
7.8306e-21
3.18378e-19
9.02843e-17
3.65982e-20
2.05952e-16
3.12539e-23
4.62278e-16
1.11145e-14
1.63004e-17
4.32692e-17
2.4275e-19
4.92737e-17
9.04024e-16
1.3886e-19
8.56808e-17
1.31478e-14
8.14946e-18
1.64895e-16
2.05126e-20
1.69875e-17
2.08714e-18
4.60865e-18
2.56141e-25
5.67444e-17
6.36872e-22
4.29247e-24
1.63387e-21
2.74074e-25
1.74385e-20
9.30033e-21
8.98995e-14
1.82003e-14
2.0178e-15
5.53178e-24
2.78027e-20
9.34165e-22
4.90684e-21
5.18421e-19
9.08185e-13
4.17806e-16
4.27033e-22
9.0834e-14
9.74551e-20
1.04873e-22
3.10146e-21
1.64013e-18
8.53422e-23
1.72363e-19
1.97279e-24
3.1612e-20
1.74689e-20
6.47252e-20
2.50951e-14
2.22106e-21
2.18762e-19
3.55396e-18
5.53334e-21
2.58625e-24
2.79492e-22
1.03672e-20
3.55287e-20
8.14856e-19
8.76478e-22
6.08048e-20
3.87576e-19
3.75129e-13
2.08654e-21
5.28815e-18
3.02552e-19
6.97333e-23
4.50282e-16
2.70728e-21
3.92506e-21
2.06164e-22
1.53531e-22
5.828e-23
3.96008e-15
5.45e-19
2.09703e-18
3.11309e-20
3.10708e-24
1.47643e-20
1.3941e-20
1.33515e-13
1.11777e-16
6.40005e-19
7.43311e-11
5.54089e-19
6.32076e-22
7.13266e-20
2.50039e-22
2.9461e-14
1.66351e-14
5.54869e-24
7.56686e-18
9.15608e-15
1.67006e-13
3.16642e-13
9.56856e-20
4.32176e-20
2.44556e-18
4.74935e-15
1.15001e-15
5.89347e-17
3.21915e-20
8.3931e-17
5.77312e-21
2.19463e-13
1.61766e-23
1.52156e-16
1.83215e-19
1.95666e-16
2.21462e-12
4.52316e-15
4.08086e-18
7.86335e-17
6.78535e-19
8.28787e-15
6.4594e-17
4.60803e-22
2.95799e-15
1.2335e-10
3.68038e-13
3.33327e-19
1.65983e-17
5.53996e-22
1.04422e-20
1.06716e-14
3.93934e-20
3.95522e-23
1.20656e-09
4.0583e-16
1.194e-21
1.7148e-20
1.93592e-18
2.49696e-21
9.50821e-21
1.21898e-14
2.83798e-15
7.41443e-13
2.02983e-15
7.3488e-16
2.69311e-13
2.98327e-15
1.54876e-17
1.01194e-18
9.40629e-10
8.28964e-18
2.96875e-16
3.26614e-22
1.11331e-19
1.05903e-12
5.16882e-14
2.87924e-23
3.57969e-19
1.47842e-10
4.88295e-21
5.57078e-12
2.16853e-20
2.13143e-22
1.39092e-22
5.11293e-15
2.88052e-17
3.60665e-17
3.17856e-23
9.99979e-17
1.88655e-17
1.05656e-20
2.92841e-15
1.54179e-22
2.38525e-20
4.34024e-14
3.81553e-14
2.52932e-13
1.08732e-11
1.1429e-13
7.11119e-15
1.03552e-17
7.60056e-15
6.06102e-19
3.1549e-22
4.91701e-21
3.75226e-13
1.7839e-14
2.14858e-09
1.11028e-10
8.35761e-14
5.93009e-13
5.05247e-15
2.15062e-15
3.49706e-22
4.18748e-11
4.70999e-18
1.93768e-15
3.74973e-14
3.4913e-14
