7.1429e-19
1.48122e-20
1.96156e-17
1.8383e-20
2.0151e-16
1.63431e-14
1.61617e-17
2.37188e-17
2.6932e-19
9.57789e-20
5.95281e-21
2.09199e-15
4.06318e-14
3.43098e-17
1.54116e-19
1.50124e-15
1.10775e-16
1.37579e-19
3.75839e-17
3.04526e-14
6.85658e-22
2.24205e-17
5.26969e-16
3.84276e-19
6.13044e-20
1.54093e-21
4.16684e-17
1.60616e-20
7.77566e-20
1.16102e-21
4.52292e-19
8.95021e-20
7.23033e-20
1.08846e-14
2.22803e-13
2.93692e-16
8.89362e-18
5.72431e-21
1.69134e-17
5.57973e-17
9.10278e-21
1.10164e-16
4.57075e-19
2.26621e-18
2.40233e-18
5.70279e-17
4.89814e-16
1.7306e-16
1.43329e-20
4.48238e-14
1.84813e-16
7.22586e-16
6.0331e-16
1.74849e-16
2.30607e-16
4.90168e-18
3.34136e-22
1.99776e-18
7.03412e-15
1.39399e-18
3.57811e-19
1.20631e-17
1.80796e-15
5.72031e-17
3.15581e-20
4.07716e-13
1.08329e-14
1.86737e-12
2.13655e-20
3.82498e-19
8.87493e-18
4.08654e-20
2.88095e-21
1.15685e-13
3.31326e-15
6.61434e-15
1.85847e-16
1.75654e-15
2.2211e-13
6.23712e-16
3.30045e-14
3.43939e-18
7.49241e-14
3.85752e-17
2.71859e-14
7.31551e-17
2.2836e-17
1.72617e-12
4.18822e-12
6.75597e-15
4.83608e-20
1.31422e-25
4.39698e-16
2.22551e-18
3.31182e-17
1.88866e-19
3.48911e-11
9.45094e-14
3.88307e-15
2.79566e-11
3.25352e-19
1.65463e-19
2.73731e-17
1.25549e-15
7.30727e-12
1.57834e-15
8.42888e-15
5.6336e-16
4.39401e-13
4.15068e-21
4.3179e-12
8.57447e-12
6.92734e-13
3.8108e-12
1.14625e-15
6.75558e-11
7.87094e-17
2.06124e-20
4.48061e-18
1.66409e-20
1.02451e-19
1.46525e-14
1.08197e-18
2.4924e-23
1.74229e-19
1.84852e-18
6.16669e-20
1.89229e-18
5.50142e-18
2.67227e-21
8.46984e-20
1.65745e-15
1.6716e-17
9.06884e-14
2.0699e-15
3.12268e-15
1.41732e-15
2.88248e-14
4.0936e-18
1.88821e-17
1.90212e-19
1.79318e-22
2.26046e-22
1.40439e-16
5.08792e-13
2.34537e-15
8.71968e-14
4.55823e-17
1.82187e-22
4.54649e-19
5.34649e-17
4.09867e-16
1.10312e-17
3.04778e-17
3.44296e-22
1.55735e-16
6.65511e-18
3.38335e-16
1.90218e-18
1.59623e-13
3.77893e-19
3.16166e-20
2.08607e-14
3.09997e-19
2.07994e-20
4.27284e-23
2.4353e-22
1.10504e-22
8.67332e-21
7.87762e-17
1.55978e-19
2.24192e-15
2.36882e-22
4.69718e-18
6.27101e-21
2.64278e-23
1.23011e-17
4.10826e-23
1.70476e-17
1.69434e-15
1.32144e-16
2.01431e-16
3.06132e-16
9.98883e-12
1.99937e-20
3.53624e-14
3.4615e-18
1.58722e-13
3.19562e-13
7.92674e-19
5.14711e-14
3.28315e-18
1.3459e-15
6.07735e-20
6.38127e-16
4.006e-19
2.22184e-18
6.27547e-20
3.63534e-16
2.71361e-18
1.1063e-13
5.74323e-18
3.23536e-18
1.38357e-19
1.96458e-17
1.44765e-19
4.18197e-20
1.63697e-13
2.35379e-21
6.71512e-19
6.79014e-16
7.03371e-18
3.14787e-20
2.45233e-15
2.08063e-17
3.87355e-20
2.78832e-23
1.5334e-22
1.30615e-17
2.66631e-24
5.33522e-19
9.74012e-16
1.82688e-15
1.89548e-19
1.31001e-16
1.80244e-18
2.58839e-14
1.39297e-14
5.31823e-20
3.5256e-22
2.44878e-14
3.46834e-17
1.78751e-14
1.67238e-17
2.60328e-14
1.28513e-15
5.32149e-19
3.69249e-14
1.88418e-16
2.93116e-16
1.01624e-19
3.05117e-12
5.2494e-19
9.62948e-21
1.39639e-20
9.97311e-21
5.22489e-14
2.39255e-13
1.01655e-13
2.32319e-16
2.50238e-14
1.51673e-12
1.04425e-17
1.96474e-15
8.58539e-15
3.22849e-24
2.87683e-21
6.64385e-16
2.12967e-19
2.00908e-18
1.35172e-18
2.09451e-14
3.94147e-19
1.22682e-19
1.00609e-18
6.30682e-26
1.12681e-14
1.28469e-17
1.58557e-15
2.24879e-19
2.08016e-19
2.18616e-13
2.98914e-18
2.34839e-16
5.14028e-13
2.61979e-16
6.42751e-16
1.04317e-18
3.05975e-21
1.01429e-14
5.04569e-14
8.12679e-17
9.14361e-15
1.22397e-18
9.68473e-15
4.676e-13
9.77179e-20
4.7232e-19
1.56549e-20
6.56939e-17
3.05911e-17
9.73852e-17
5.40467e-16
8.99488e-25
8.17884e-16
2.58387e-21
3.31263e-21
2.11952e-21
5.24976e-16
2.28435e-15
7.24011e-19
4.6861e-16
5.49803e-15
1.47127e-18
8.24987e-14
7.17455e-15
4.02447e-24
1.78154e-12
3.29497e-16
6.20108e-23
2.90823e-21
1.8477e-25
2.28685e-19
1.64393e-20
4.40149e-15
6.4045e-15
1.74968e-14
2.91503e-13
1.98531e-14
5.35184e-16
4.20226e-16
5.15296e-19
1.82629e-16
3.18712e-21
6.99685e-15
2.53087e-16
6.20081e-23
4.37335e-18
2.44901e-18
2.10958e-14
5.17421e-19
7.78053e-16
2.61118e-17
8.2694e-17
2.96216e-15
5.24533e-16
5.25864e-11
1.48693e-20
6.42814e-14
2.58233e-16
1.19698e-13
2.69219e-13
1.26064e-23
9.59986e-16
2.95831e-17
7.86141e-17
1.9527e-17
2.24733e-15
8.16712e-14
4.37808e-14
4.24497e-12
1.1096e-18
1.45431e-12
3.50968e-16
6.5166e-16
1.01891e-15
1.20936e-17
3.15317e-11
1.56648e-17
2.46511e-18
3.80106e-15
7.04736e-18
6.84132e-15
1.96037e-11
1.29109e-11
3.15222e-12
3.49536e-13
2.17636e-20
7.67755e-11
2.28669e-17
9.68973e-17
7.70793e-19
5.22481e-16
3.08421e-15
7.08592e-21
2.97775e-14
9.37843e-13
4.60334e-12
4.0888e-18
1.94544e-22
1.35544e-21
8.15442e-16
1.33539e-23
1.61529e-19
1.56357e-14
5.81156e-17
1.33937e-14
9.68231e-13
2.37484e-13
4.10279e-14
1.74469e-16
1.78707e-15
7.2519e-19
8.02771e-17
1.48621e-18
1.36774e-12
3.74372e-12
6.43964e-20
2.45321e-13
5.05399e-15
1.18112e-13
6.43658e-14
7.67014e-11
7.92645e-27
2.2882e-19
1.79853e-17
3.78843e-14
6.69029e-15
7.04337e-17
3.12334e-13
1.9178e-15
3.21652e-11
2.46022e-11
2.09396e-15
4.31256e-11
8.11648e-16
1.73535e-18
7.36543e-20
1.75463e-13
4.34296e-18
7.43247e-18
1.64518e-14
8.21508e-14
3.59563e-15
1.1317e-15
1.9811e-16
9.19464e-18
8.62358e-17
1.59086e-16
1.17316e-21
1.34075e-13
4.45865e-13
1.2105e-13
7.50319e-17
7.45776e-15
1.23922e-16
3.33729e-13
7.95814e-16
1.27172e-16
3.87567e-13
4.66326e-13
1.41665e-11
1.72206e-11
3.22445e-14
1.39697e-16
5.71991e-12
2.55128e-16
1.85027e-21
2.95215e-11
2.77247e-10
1.79516e-20
1.72335e-10
4.79937e-13
1.13823e-16
2.31197e-14
2.12265e-11
4.73315e-12
8.56703e-16
1.09784e-16
6.90159e-11
1.86527e-12
2.46267e-16
1.38737e-10
1.36732e-13
7.10704e-16
4.76278e-16
2.52133e-17
5.0215e-17
3.89632e-18
1.27531e-14
2.95655e-19
9.55061e-23
1.64534e-18
2.58494e-23
8.02609e-22
1.23908e-16
2.32053e-22
1.23795e-14
1.61268e-10
6.46603e-19
1.37222e-16
5.47659e-23
9.71378e-19
2.73526e-16
3.50592e-19
4.64185e-13
1.43799e-18
1.87213e-13
1.03895e-14
7.7435e-18
2.12315e-10
7.61197e-18
2.80507e-18
4.36527e-13
3.33054e-11
9.35815e-13
1.50396e-19
1.07293e-19
7.25737e-21
1.26581e-17
1.92992e-16
1.15173e-15
3.26498e-13
3.14504e-15
3.68265e-19
1.69119e-16
1.20723e-20
1.7411e-14
1.30222e-13
1.30587e-17
5.21101e-17
1.0888e-21
9.96505e-15
3.21417e-19
2.87338e-13
6.72387e-18
4.80238e-14
5.16158e-16
3.23579e-20
3.08144e-15
2.92304e-20
1.11102e-22
1.06934e-10
2.56591e-14
2.0491e-18
1.97919e-10
1.10926e-16
6.95511e-25
2.64635e-20
6.8827e-20
1.17638e-13
3.1365e-19
1.66469e-12
1.06103e-14
8.31813e-17
1.71772e-18
4.14444e-12
2.75492e-19
3.38446e-17
9.38694e-21
5.94456e-12
4.39023e-14
3.76756e-11
8.75045e-20
2.42753e-13
1.43022e-14
8.91673e-15
1.78949e-11
1.06336e-10
3.18715e-15
9.48251e-12
3.09007e-16
4.59897e-22
3.54667e-17
1.07208e-16
2.92435e-12
3.82559e-16
1.04369e-13
7.61619e-17
7.23576e-26
1.74859e-14
6.39408e-15
8.11534e-17
2.47274e-18
6.45845e-13
2.33686e-17
3.92431e-11
3.38849e-15
2.36381e-22
5.33739e-14
4.10877e-20
1.58834e-16
4.59849e-18
6.36768e-17
1.55434e-15
7.50087e-15
1.54796e-14
4.07371e-15
3.03757e-19
1.14286e-18
2.9622e-13
8.2166e-17
1.3421e-15
2.40641e-13
2.86816e-13
1.3834e-17
2.76286e-19
1.64574e-17
2.60362e-14
1.18411e-14
3.73656e-11
1.377e-19
6.61387e-12
1.35294e-13
4.18766e-18
9.53957e-18
3.59346e-15
1.06612e-11
1.32009e-13
4.87118e-17
1.48659e-17
3.28474e-11
1.40905e-13
2.22019e-12
5.91862e-18
5.82892e-16
4.16845e-15
3.936e-14
4.03117e-10
3.22335e-12
3.89799e-11
2.39671e-12
2.90933e-18
9.93182e-13
2.22235e-13
1.87727e-12
1.1534e-10
3.33063e-16
4.06994e-13
3.28545e-14
1.49142e-11
3.11077e-12
1.60589e-18
4.03685e-11
2.41055e-18
2.70662e-20
6.94369e-21
4.07329e-15
4.56549e-14
3.87874e-22
3.25244e-14
2.51754e-16
3.41104e-18
7.66722e-17
3.06677e-15
3.71269e-12
3.34321e-18
5.05237e-16
1.39355e-13
3.99962e-14
1.90185e-16
9.13192e-10
6.53333e-15
1.07601e-20
1.31642e-16
5.38685e-15
1.13828e-18
6.33879e-20
4.29096e-12
8.54144e-16
3.98231e-22
1.95026e-14
5.29509e-15
1.28251e-13
1.11871e-14
3.09699e-17
1.4292e-18
1.82489e-17
4.16842e-18
7.08169e-15
1.52591e-16
1.51589e-11
5.74188e-18
1.37512e-13
3.4817e-13
2.46578e-11
4.24917e-11
4.08328e-14
2.02364e-12
3.36353e-18
2.30324e-10
2.07318e-11
3.30763e-16
2.36774e-09
3.75277e-09
2.50694e-12
4.70638e-19
3.18001e-15
2.33266e-12
8.61608e-11
1.18905e-18
1.71956e-12
1.16209e-19
2.2702e-14
2.24656e-13
2.13842e-11
1.93485e-15
4.62283e-14
2.92349e-17
3.48343e-17
1.24588e-10
1.04615e-10
8.94032e-09
4.83573e-15
2.9029e-11
6.34308e-15
9.82702e-11
1.94689e-15
5.10288e-12
2.25146e-13
4.05084e-16
1.83122e-14
1.94518e-10
1.79894e-12
2.02193e-14
4.44879e-14
4.58703e-10
1.15224e-11
2.29133e-11
1.1379e-19
1.7818e-10
1.06213e-16
3.99198e-14
3.1954e-09
1.74627e-09
1.00172e-13
8.85032e-11
3.41058e-10
3.36269e-11
7.6637e-13
2.1378e-09
3.42461e-17
3.22406e-11
1.11653e-17
1.5278e-17
8.99875e-16
5.18021e-18
6.99984e-16
9.81303e-17
2.13792e-11
4.04054e-13
9.35012e-14
3.93147e-13
5.74351e-17
3.65049e-13
1.09914e-19
3.5445e-11
2.83863e-18
2.5807e-12
1.27585e-10
7.79142e-14
1.24022e-13
1.02072e-09
2.00288e-20
2.67732e-16
1.6681e-14
1.28578e-13
1.1459e-20
1.6716e-15
1.50367e-16
7.79609e-26
2.30835e-11
5.66165e-15
9.41353e-15
1.63992e-17
5.2206e-17
3.57319e-11
1.07903e-12
2.43092e-10
1.74441e-22
7.48417e-14
2.53305e-14
8.00188e-14
1.82664e-16
1.19287e-11
6.1376e-19
4.07631e-13
1.06114e-19
2.82532e-15
6.37446e-15
2.42555e-11
5.35966e-09
2.7251e-18
2.67173e-16
5.7262e-19
1.93336e-15
7.10268e-18
1.06383e-19
1.7149e-10
1.97354e-12
9.43972e-14
4.6127e-19
4.39887e-15
2.05379e-13
2.00123e-15
3.83628e-18
3.15261e-20
2.01732e-16
9.36262e-16
6.3562e-14
1.19379e-11
2.16411e-12
8.07784e-16
4.27044e-13
7.37136e-19
6.81646e-17
3.57487e-14
5.29583e-12
2.01403e-20
1.82184e-10
4.52352e-09
2.60235e-13
1.99358e-14
7.06417e-15
4.59321e-16
1.44486e-16
2.95888e-18
9.83278e-14
1.80527e-10
5.65025e-12
3.12423e-11
3.07438e-13
5.64425e-14
1.08883e-13
5.85419e-12
1.38632e-11
3.38433e-13
3.81839e-11
9.32162e-10
3.20986e-13
1.30789e-12
3.56267e-17
1.20488e-12
1.43144e-13
2.82327e-10
1.61538e-09
8.95315e-16
3.61764e-08
2.39716e-13
1.56832e-13
2.4623e-10
5.63091e-09
5.37724e-12
2.93971e-22
1.78878e-10
3.45849e-11
1.22232e-10
2.30378e-11
8.58764e-17
2.45535e-16
7.28538e-11
1.10541e-16
5.8061e-18
1.97309e-18
5.22687e-14
1.58618e-19
2.32578e-13
2.40698e-16
6.38326e-17
8.37051e-16
1.20256e-18
2.44847e-13
2.45217e-13
1.37291e-13
4.72956e-12
1.0227e-11
9.84604e-10
1.49485e-16
3.83737e-14
2.48619e-13
6.91118e-14
2.94446e-11
1.49228e-16
2.49135e-15
1.13289e-13
2.53626e-14
4.22177e-09
3.42877e-22
5.18988e-16
6.96194e-13
2.7207e-25
1.10109e-17
1.11428e-10
2.01976e-14
8.52067e-15
2.66419e-14
1.49926e-13
2.3095e-12
3.11099e-14
2.86251e-16
2.098e-13
2.82137e-14
6.2635e-12
2.05493e-18
9.49867e-16
2.18832e-09
8.34884e-14
2.747e-12
1.65074e-15
6.79498e-16
3.10229e-19
2.48783e-20
6.90813e-14
7.50703e-17
5.29701e-18
2.91885e-12
9.82154e-13
3.98228e-18
4.01862e-19
8.97132e-21
4.1649e-10
6.76032e-13
1.26544e-10
5.28349e-15
1.83938e-08
7.04862e-09
1.45621e-13
2.41353e-15
1.4492e-09
1.80563e-16
1.13172e-15
7.12395e-12
8.98359e-11
4.31577e-12
2.29298e-10
5.94919e-25
3.66588e-17
2.60803e-10
1.40708e-11
7.55073e-10
6.35697e-11
3.34819e-13
4.16529e-13
1.01195e-09
1.13491e-11
3.68268e-10
8.46177e-17
2.83468e-09
7.22968e-18
1.55686e-10
1.58912e-09
2.55739e-10
5.19406e-20
1.5688e-13
1.39155e-15
6.44692e-15
1.25716e-14
2.19441e-16
1.24023e-16
2.49515e-21
5.11549e-14
7.25074e-11
1.14787e-13
5.6068e-17
1.00765e-09
7.99908e-12
1.88539e-12
8.40513e-13
2.13828e-11
1.25625e-13
7.58742e-17
2.68775e-12
3.2693e-11
9.64531e-11
2.7215e-08
5.35445e-17
5.54164e-12
3.00565e-16
7.25049e-11
5.67372e-13
4.51815e-15
3.99017e-13
7.24588e-13
4.00892e-12
2.32514e-12
5.64739e-11
2.10298e-10
2.29827e-19
1.60993e-12
6.14287e-13
5.94777e-11
4.15842e-13
1.06301e-12
1.85502e-12
7.56387e-13
9.49676e-15
4.61564e-15
3.60864e-11
1.31267e-12
2.40857e-14
2.49773e-12
1.40446e-09
6.1857e-13
4.48281e-11
2.4546e-12
1.87716e-11
2.51292e-13
1.87551e-16
1.48148e-12
7.46446e-17
8.62705e-10
7.9072e-11
7.31395e-10
3.9206e-10
2.90878e-13
3.49621e-12
5.60455e-13
8.91242e-09
3.5052e-08
3.56483e-09
